Count  Bubble Insertion Selection Bubble-NS Insertion-NS Selection-NS
100    0.000    0.000    0.000     0.000     0.000        0.000
1000   0.023    0.011    0.008     0.010     0.002        0.008
2000   0.096    0.046    0.031     0.027     0.004        0.032
3000   0.221    0.104    0.070     0.050     0.007        0.070
4000   0.379    0.186    0.124     0.071     0.010        0.125
5000   0.609    0.284    0.194     0.095     0.014        0.196
6000   0.872    0.412    0.282     0.109     0.018        0.279
7000   1.183    0.560    0.383     0.137     0.017        0.378
8000   1.548    0.755    0.521     0.165     0.019        0.498
9000   1.940    0.941    0.635     0.185     0.021        0.630
10000  2.401    1.165    0.773     0.195     0.023        0.798
15000  5.439    2.605    1.739     0.314     0.036        1.884
20000  9.739    4.692    3.161     0.426     0.047        3.615
30000           10.815   7.476     0.887     0.073        8.732
40000           19.556   14.590    1.192     0.096        18.692
50000           30.054   24.205    1.538     0.121        38.067